01 08 03 10
02 37 34 26
03 08 01 10
04 03 08 16
05 06 15 09
06 05 15 07
07 06 05 15
08 03 01 16
09 07 06 05
10 16 01 08
11 15 07 06
12 13 14 39
13 14 12 39
14 13 12 39
15 06 05 09
16 19 10 38
17 18 21 35
18 21 17 35
19 24 38 37
20 23 40 35
21 18 17 35
22 18 19 39
23 20 17 18
24 23 28 17
25 26 33 28
26 25 33 28
27 32 31 33
28 25 26 23
29 30 22 39
30 29 21 22
31 32 28 17
32 31 27 39
33 25 28 26
34 29 22 02
35 21 17 36
36 35 38 37
37 04 35 36
38 36 19 16
39 35 17 18
40 17 20 21